8.659019805002240444e-01
6.588914742895168875e-02
2.806447228166973895e-01
7.577199336296690513e-01
9.272783439471405931e-01
3.803614851795767970e-01
8.278025639901416266e-01
5.961577476424835265e-01
7.921890772348990639e-01
3.398679098749491923e-01
4.011703817656747662e-01
9.451020105077799771e-01
8.864960884266814833e-02
8.499282137944913496e-01
1.504564131792645032e-01
8.080519899164505526e-01
5.011647235669188793e-01
7.566874011292347157e-01
8.631411418316125017e-01
6.331552091240775226e-01
6.765679892065560308e-01
7.278413841160932263e-01
7.057996827058038436e-01
4.574671201629332273e-01
7.211852615369374053e-02
7.040279876006885207e-01
2.471962350036804867e-01
8.129813484870197504e-01
9.304538418108384557e-01
9.376500906187484885e-01
7.076134448223052598e-01
6.902531705594099343e-01
